 ig= 253 8.495497302696118E-12 1.387356937553468E-11 1.241232990148779E-11
 ig= 252 8.696832841889711E-12 1.418805777857554E-11 1.275559291319683E-11
 ig= 251 8.729419690312117E-12 1.421498100253058E-11 1.278036909667673E-11
 ig= 250 1.321847833437426E-11 2.139958121027281E-11 1.923441324609542E-11
 ig= 249 1.337145218777424E-11 2.149155657313493E-11 1.931005905635212E-11
 ig= 248 8.907809225139864E-12 1.432039710805603E-11 1.286740300808594E-11
 ig= 247 4.525708901095130E-12 7.198231432851659E-12 6.465192080794786E-12
 ig= 246 2.350848089478566E-11 3.643320085991690E-11 3.269614604377517E-11
 ig= 245 5.751115213043553E-11 7.721234333139068E-11 6.907831127587727E-11
 ig= 244 6.890792084086779E-11 8.327946513292312E-11 7.416868253371445E-11
 ig= 243 4.274553979077571E-10 2.750429280507387E-10 2.404347083549559E-10
 ig= 242 3.562245698473730E-10 2.724499717325344E-10 2.370744169582522E-10
 ig= 241 1.377947403689819E-10 1.223797731826024E-10 1.068588905743200E-10
 ig= 240 1.455804780112138E-10 1.388172188322301E-10 1.215375130966946E-10
 ig= 239 2.525565855704761E-11 1.470434263088721E-11 1.258076562879628E-11
 ig= 238 1.871324410027565E-10 1.917511431570150E-10 1.684335213684208E-10
 ig= 237 1.893847248646596E-10 2.066236078760667E-10 1.820914502216244E-10
 ig= 236 1.407701766127415E-10 1.423885942568476E-10 1.248679413477290E-10
 ig= 235 1.887280390829053E-10 1.587256542459779E-10 1.373976606319667E-10
 ig= 234 2.911374029637240E-10 2.731281831467924E-10 2.386576015179473E-10
 ig= 233 1.032103351751121E-11 1.128912140716003E-11 9.965152446175334E-12
 ig= 232 1.630754379655926E-10 1.794545684647372E-10 1.585047264431150E-10
 ig= 231 1.604387478253471E-10 1.780897354254812E-10 1.574471792154598E-10
 ig= 230 3.459491793648377E-10 3.914991616998364E-10 3.466894098184265E-10
 ig= 229 6.944614647762072E-08 3.501917987025966E-08 2.978130196713105E-08
 ig= 228 3.838686359294650E-10 5.943786463965679E-10 5.330605719599865E-10
 ig= 227 3.812546918014727E-10 5.986136043226332E-10 5.370962842461553E-10
 ig= 226 3.019241224687284E-10 4.701552790764078E-10 4.217094407213347E-10
 ig= 225 3.035555627890639E-10 4.750232460023859E-10 4.261296038291190E-10
 ig= 224 4.676771069151143E-10 7.515201924956594E-10 6.748478556037050E-10
 ig= 223 2.425169177066029E-10 3.841231654309091E-10 3.447134616970503E-10
 ig= 222 2.328166046475265E-10 3.771759760713938E-10 3.387189080846669E-10
 ig= 221 4.115199801322858E-10 6.846088073464760E-10 6.153858789311331E-10
 ig= 220 3.815265859410451E-10 6.398542247344926E-10 5.752415768209458E-10
 ig= 219 2.627317744671885E-10 4.390484361321546E-10 3.946326641579464E-10
 ig= 218 1.544997246808885E-10 2.464741827140900E-10 2.211948329821362E-10
 ig= 217 7.574285467620631E-09 3.282190418021510E-09 2.848746243334472E-09
 ig= 216 1.711284777062796E-13 2.839497784248987E-13 2.543825260370607E-13
 ig= 215 8.448018825516898E-14 1.401009836610148E-13 1.258519968636294E-13
 ig= 214 1.932317699396005E-13 3.203986668616544E-13 2.881068582887946E-13
 ig= 213 2.876459804367191E-14 4.765721001795557E-14 4.279285617924860E-14
 ig= 212 0.000000000000000E+00 0.000000000000000E+00 0.000000000000000E+00
 ig= 211 8.317560351398142E-07 2.806062693743377E-07 2.319604342319770E-07
 ig= 210 9.635075534965671E-08 3.839738604912925E-08 3.168657554512268E-08
 ig= 209 2.814253436743026E-08 1.189061001215585E-08 9.833492936529617E-09
 ig= 208 2.925007803125381E-08 1.242958651232624E-08 1.027857658250375E-08
 ig= 207 3.037415404795507E-08 1.298035908780987E-08 1.073312180846946E-08
 ig= 206 3.125112328430582E-08 1.343001259972222E-08 1.110402627809155E-08
 ig= 205 3.249947071083369E-08 1.404508822097704E-08 1.161149888705486E-08
 ig= 204 3.435002157743654E-08 1.493048474086134E-08 1.234219043335296E-08
 ig= 203 3.512606528193682E-08 1.535822980224505E-08 1.269433957981340E-08
 ig= 202 3.639830437965266E-08 1.601049881706915E-08 1.323187638014855E-08
 ig= 201 3.771420598845778E-08 1.669229226801764E-08 1.379360030620556E-08
 ig= 200 3.907177950911167E-08 1.740419019317357E-08 1.437995683734481E-08
 ig= 199 4.047627612187866E-08 1.814954114821639E-08 1.499379023557227E-08
 ig= 198 4.193243086307409E-08 1.893262962680790E-08 1.563825103646498E-08
 ig= 197 4.344441579159805E-08 1.975475994388030E-08 1.631467698779849E-08
 ig= 196 4.501309829325524E-08 2.062014844717232E-08 1.702651048969474E-08
 ig= 195 4.664336604485172E-08 2.153086325620284E-08 1.777542085172422E-08
 ig= 194 4.833765424643755E-08 2.249093595069634E-08 1.856482864410678E-08
 ig= 193 5.010080504164396E-08 2.350426589334016E-08 1.939786023975616E-08
 ig= 192 5.193517446533896E-08 2.457313759587222E-08 2.027682079124370E-08
 ig= 191 5.384917729118326E-08 2.570342624935256E-08 2.120611695582046E-08
 ig= 190 5.584211935766914E-08 2.689762947308532E-08 2.218795203676380E-08
 ig= 189 5.792333466866913E-08 2.816259126302968E-08 2.322800691877978E-08
 ig= 188 6.009666681500897E-08 2.950348599182098E-08 2.432992859880764E-08
 ig= 187 6.236679794184267E-08 3.092441159207798E-08 2.549766234362916E-08
 ig= 186 6.473962554210643E-08 3.243248949961165E-08 2.673701743043884E-08
 ig= 185 6.722471525900229E-08 3.403395549918689E-08 2.805322068794758E-08
 ig= 184 6.982771436033923E-08 3.573615935627225E-08 2.945292006776552E-08
 ig= 183 7.256009120985296E-08 3.754725284778282E-08 3.094246411547146E-08
 ig= 182 7.542834118120832E-08 3.947594217724681E-08 3.252900494217556E-08
 ig= 181 7.844759563137812E-08 4.153512382316722E-08 3.422287541416866E-08
 ig= 180 8.162805665921213E-08 4.373407331867909E-08 3.603230599971982E-08
 ig= 179 8.498889629822855E-08 4.608807696101318E-08 3.797055807126925E-08
 ig= 178 8.854697662882551E-08 4.861180548570831E-08 4.004973730809182E-08
 ig= 177 9.232319768524585E-08 5.132475477196397E-08 4.228578716414106E-08
 ig= 176 9.635163581698080E-08 5.425441189266431E-08 4.470113375116200E-08
 ig= 175 3.975310157390935E-08 2.259702632003241E-08 1.861892153900651E-08
 ig= 174 4.046340916789599E-08 2.312327263203656E-08 1.905320314904883E-08
 ig= 173 2.050611938584221E-08 1.176578495322736E-08 9.695123260425825E-09
 ig= 172 2.069108536375353E-08 1.190400690323746E-08 9.809211725729670E-09
 ig= 171 4.194593985803350E-08 2.422984203828453E-08 1.996669284641416E-08
 ig= 170 4.272514912452657E-08 2.481498191019374E-08 2.044989010171209E-08
 ig= 169 4.352798657260561E-08 2.542172621121752E-08 2.095094560916740E-08
 ig= 168 6.684763049755905E-08 3.931227043018947E-08 3.240077182592342E-08
 ig= 167 1.157834741438543E-07 6.885144945015019E-08 5.675259556163073E-08
 ig= 166 1.217850429565107E-07 7.348901126393359E-08 6.058506717177692E-08
 ig= 165 1.284353129970232E-07 7.869013852674862E-08 6.488444309322554E-08
 ig= 164 8.062483393616328E-08 5.004416394022693E-08 4.127111839445977E-08
 ig= 163 5.534022644164589E-08 3.463585562851070E-08 2.856692672051929E-08
 ig= 162 1.443011218832829E-07 9.134153422510061E-08 7.534565165384256E-08
 ig= 161 1.539625701049984E-07 9.919190834035804E-08 8.183819014207696E-08
 ig= 160 8.112669746586506E-08 5.302830919160902E-08 4.375894503757013E-08
 ig= 159 5.008272316936683E-08 3.298949672803936E-08 2.722524346536650E-08
 ig= 158 1.694120531322791E-08 1.120311562640725E-08 9.246009830658560E-09
 ig= 157 1.706713201264165E-08 1.130883904703001E-08 9.333469967524076E-09
 ig= 156 3.452239030215381E-08 2.294270083903528E-08 1.893580494101064E-08
 ig= 155 2.483469105857764E-08 1.656183799867984E-08 1.366988754373517E-08
 ig= 154 3.838154304606267E-08 2.569007321519301E-08 2.120508477252480E-08
 ig= 153 8.041825791463243E-08 5.419473614262534E-08 4.473691428371895E-08
 ig= 152 5.637054317566606E-08 3.830197165918492E-08 3.162112672704392E-08
 ig= 151 1.374988092945075E-07 9.447142128877155E-08 7.800465322368728E-08
 ig= 150 1.037972142531546E-07 7.233895827184991E-08 5.974246348331187E-08
 ig= 149 1.088651720712692E-07 7.678329980921244E-08 6.342414234359173E-08
 ig= 148 6.803718056786494E-08 4.848937827172089E-08 4.006029089580112E-08
 ig= 147 1.673926003227436E-07 1.208382608011642E-07 9.985541046673999E-08
 ig= 146 6.722534599329631E-08 4.918759683496807E-08 4.065760954584697E-08
 ig= 145 1.034303640231986E-07 7.639279159290900E-08 6.315794166712000E-08
 ig= 144 4.014512028526619E-08 2.989888917052243E-08 2.472393942414786E-08
 ig= 143 5.242457599477303E-08 3.922997612731343E-08 3.244346939445337E-08
 ig= 142 1.438295582437253E-07 1.087041001062531E-07 8.992061013273625E-08
 ig= 141 1.530858253654785E-07 1.174790592950310E-07 9.721842370170461E-08
 ig= 140 6.396166997540492E-08 4.960517028050017E-08 4.106201342283426E-08
 ig= 139 6.562595216382534E-08 5.121508512781907E-08 4.240237260257090E-08
 ig= 138 6.741067887961959E-08 5.295732399296363E-08 4.385374049131061E-08
 ig= 137 6.929424755751247E-08 5.482151617393482E-08 4.540779490665842E-08
 ig= 136 7.127859063351895E-08 5.681764357743395E-08 4.707309879394336E-08
 ig= 135 7.341729577929605E-08 5.899649168622667E-08 4.889208866446848E-08
 ig= 134 7.553359377335167E-08 6.114591211500203E-08 5.068640200210898E-08
 ig= 133 7.764953290287405E-08 6.326642469647330E-08 5.245591672161823E-08
 ig= 132 7.987493397305165E-08 6.553193918345321E-08 5.434787176506271E-08
 ig= 131 8.223021530140118E-08 6.796907094016310E-08 5.638471052999753E-08
 ig= 130 8.474196852396984E-08 7.061180418927250E-08 5.859506986188287E-08
 ig= 129 8.738344352027977E-08 7.344780961175879E-08 6.096903440401820E-08
 ig= 128 8.995798221379166E-08 7.613781368246088E-08 6.321915050257936E-08
 ig= 127 9.258233718694763E-08 7.885927047410790E-08 6.549554036081595E-08
 ig= 126 9.532932607113258E-08 8.176083361439927E-08 6.792459596111310E-08
 ig= 125 9.824670420471277E-08 8.489800957882075E-08 7.055307355619253E-08
 ig= 124 2.058620438946413E-07 1.800911741510659E-07 1.497408250938478E-07
 ig= 123 1.079858143379768E-07 9.588829622169111E-08 7.977741410042410E-08
 ig= 122 5.534130199280415E-08 4.955151601494073E-08 4.123896297993707E-08
 ig= 121 2.037759591962746E-08 1.831892167153354E-08 1.524813077616301E-08
 ig= 120 9.663976245130573E-09 8.701817753007365E-09 7.243573717217907E-09
 ig= 119 2.622496411130849E-08 2.365438781420450E-08 1.969171508147726E-08
 ig= 118 2.339963097840492E-07 2.126748872970912E-07 1.771044911818657E-07
 ig= 117 2.492150263331148E-07 2.303381498441030E-07 1.919489877336068E-07
 ig= 116 1.307735292846469E-07 1.227723489644787E-07 1.023765812992538E-07
 ig= 115 1.351358340324010E-07 1.283223914620806E-07 1.070549310832570E-07
 ig= 114 2.836584692980407E-07 2.727892254958111E-07 2.277118100809234E-07
 ig= 113 3.026683796620913E-07 2.969021819040970E-07 2.480660275957945E-07
 ig= 112 1.588347346930259E-07 1.585373785651047E-07 1.325554263328715E-07
 ig= 111 1.640553239586392E-07 1.653095672588699E-07 1.382769060924705E-07
 ig= 110 1.694573851972429E-07 1.725995015443718E-07 1.444496164472538E-07
 ig= 109 1.750326032246682E-07 1.804505161799432E-07 1.511082980497435E-07
 ig= 108 1.807994423516504E-07 1.883694025384059E-07 1.578266500689057E-07
 ig= 107 1.867564976319344E-07 1.966627294473542E-07 1.648661682594976E-07
 ig= 106 1.928766173217485E-07 2.055988568557809E-07 1.724623849081476E-07
 ig= 105 1.992208617297641E-07 2.147501040044404E-07 1.802462828761925E-07
 ig= 104 2.057596983503462E-07 2.243281350006851E-07 1.883998641405974E-07
 ig= 103 2.124150033803149E-07 2.345792375480925E-07 1.971343026654684E-07
 ig= 102 2.192855511546457E-07 2.451369854008909E-07 2.061322090744313E-07
 ig= 101 2.262953556372047E-07 2.563776950062903E-07 2.157234000353683E-07
 ig= 100 2.732347892360326E-07 3.138479166323596E-07 2.642665429325517E-07
 ig= 99 2.013968985851211E-07 2.344586928160755E-07 1.975511608150587E-07
 ig= 98 5.061391200689843E-07 5.986835069490396E-07 5.049086508891062E-07
 ig= 97 2.652554873693934E-07 3.200424039036567E-07 2.701998405444601E-07
 ig= 96 2.735516888573569E-07 3.349671717268634E-07 2.830164721677642E-07
 ig= 95 2.824646154039015E-07 3.501502462173900E-07 2.960667873185015E-07
 ig= 94 2.911968147652670E-07 3.662038509770452E-07 3.098738006990619E-07
 ig= 93 2.997165856941857E-07 3.835520513411174E-07 3.248042259771237E-07
 ig= 92 3.088260815348842E-07 4.012855155943301E-07 3.400885876105956E-07
 ig= 91 3.180842903745387E-07 4.198488396244107E-07 3.561115743202144E-07
 ig= 90 3.275163024632248E-07 4.395329270018465E-07 3.731236167303620E-07
 ig= 89 3.376623082397298E-07 4.596651492082212E-07 3.905536299780683E-07
 ig= 88 3.478723870740418E-07 4.810025886081022E-07 4.090517676437756E-07
 ig= 87 3.588289362922533E-07 5.029244445873231E-07 4.280943847309276E-07
 ig= 86 3.701702859933322E-07 5.259846051132528E-07 4.481570938685338E-07
 ig= 85 3.821716090826905E-07 5.498263385090499E-07 4.689203263966417E-07
 ig= 84 3.934502942849569E-07 5.741825194215637E-07 4.896847376094831E-07
 ig= 83 2.686301526631020E-07 3.982146226406151E-07 3.402222186243523E-07
 ig= 82 1.362739348249692E-07 2.036250759931842E-07 1.740596325127531E-07
 ig= 81 6.863386579361956E-08 1.029741079870095E-07 8.804563670615887E-08
 ig= 80 6.898102314072176E-08 1.037824800161569E-07 8.875240793893451E-08
 ig= 79 2.793691799876469E-07 4.227535639725236E-07 3.616889603145837E-07
 ig= 78 4.303331663520951E-07 6.579332743867266E-07 5.634061056467131E-07
 ig= 77 4.446546957957065E-07 6.875207390212391E-07 5.894068985798095E-07
 ig= 76 4.603801180353600E-07 7.179895857161119E-07 6.162564515545914E-07
 ig= 75 4.780145151954258E-07 7.493050125883360E-07 6.439312874052162E-07
 ig= 74 4.972420456936929E-07 7.818827435555480E-07 6.727423747556702E-07
 ig= 73 5.154862401918003E-07 8.162647775060021E-07 7.031884294630023E-07
 ig= 72 1.095153159505564E-06 1.739023567506217E-06 1.501128268007083E-06
 ig= 71 1.200555830060655E-06 1.887204260267773E-06 1.633795467585264E-06
 ig= 70 1.311473568325408E-06 2.049252354556580E-06 1.779138918055940E-06
 ig= 69 7.006648711805462E-07 1.089464956856974E-06 9.480656348961545E-07
 ig= 68 7.230616368607634E-07 1.133599869771500E-06 9.870344278256747E-07
 ig= 67 7.440819085308550E-07 1.186634843191770E-06 1.035704026587302E-06
 ig= 66 7.519329938638336E-07 1.241477243239946E-06 1.084924985990750E-06
 ig= 65 7.393862784526801E-07 1.301705972212458E-06 1.139022788840956E-06
 ig= 64 7.112400253140848E-07 1.367206313764191E-06 1.197670645364705E-06
 ig= 63 6.461390397546893E-07 1.440601897948382E-06 1.263374887661390E-06
 ig= 62 3.901252726541274E-07 1.002780463707168E-06 8.802837460113188E-07
 ig= 61 1.804526046598985E-07 5.137431530261914E-07 4.508492448690214E-07
 ig= 60 4.591658434682720E-07 1.590756380257668E-06 1.395524507020366E-06
 ig= 59 3.265386740916178E-07 1.692330103147230E-06 1.488590387391633E-06
 ig= 58 1.986241185550433E-07 1.770838163828247E-06 1.557987210645980E-06
 ig= 57 4.479932419815883E-08 1.880087595037501E-06 1.656800546120991E-06
 ig= 56 -1.110967447912058E-07 1.938580403263724E-06 1.702720691343268E-06
 ig= 55 -2.158615458908679E-07 2.073398332677594E-06 1.830735009825938E-06
 ig= 54 -2.334301389927900E-07 2.144243794184074E-06 1.893598175090662E-06
 ig= 53 -1.922061866159856E-07 2.149321567002228E-06 1.895135452371801E-06
 ig= 52 -3.631551136733365E-09 1.988382884507529E-06 1.717014851637413E-06
 ig= 51 4.504395025296578E-07 1.947002394596666E-06 1.623061384612183E-06
 ig= 50 1.062565331913930E-06 1.782275473892954E-06 1.598834446076629E-06
 ig= 49 1.419230970511180E-06 3.914323819422418E-07 2.831297606887985E-07
 ig= 48 2.963311115782204E-07 1.108575997956475E-07 2.895829692292265E-08
 ig= 47 -3.766079214133111E-07 -8.667560216686909E-07 -8.898973645433466E-07
 ig= 46 -4.191459416608853E-06 1.057889558369463E-06 4.456467678608134E-07
 ig= 45 -4.420091946341347E-06 -2.169916871915795E-06 -5.539415582340936E-06
 ig= 44 9.630425459507410E-04 2.584336485356191E-04 2.286855756629983E-04
 ig= 43 0.000000000000000E+00 0.000000000000000E+00 0.000000000000000E+00
 ig= 42 0.000000000000000E+00 0.000000000000000E+00 0.000000000000000E+00
 ig= 41 0.000000000000000E+00 0.000000000000000E+00 0.000000000000000E+00
 ig= 40 0.000000000000000E+00 0.000000000000000E+00 0.000000000000000E+00
 ig= 39 0.000000000000000E+00 0.000000000000000E+00 0.000000000000000E+00
 ig= 38 0.000000000000000E+00 0.000000000000000E+00 0.000000000000000E+00
 ig= 37 0.000000000000000E+00 0.000000000000000E+00 0.000000000000000E+00
 ig= 36 0.000000000000000E+00 0.000000000000000E+00 0.000000000000000E+00
 ig= 35 0.000000000000000E+00 0.000000000000000E+00 0.000000000000000E+00
 ig= 34 0.000000000000000E+00 0.000000000000000E+00 0.000000000000000E+00
 ig= 33 0.000000000000000E+00 0.000000000000000E+00 0.000000000000000E+00
 ig= 32 0.000000000000000E+00 0.000000000000000E+00 0.000000000000000E+00
 ig= 31 0.000000000000000E+00 0.000000000000000E+00 0.000000000000000E+00
 ig= 30 0.000000000000000E+00 0.000000000000000E+00 0.000000000000000E+00
 ig= 29 0.000000000000000E+00 0.000000000000000E+00 0.000000000000000E+00
 ig= 28 0.000000000000000E+00 0.000000000000000E+00 0.000000000000000E+00
 ig= 27 0.000000000000000E+00 0.000000000000000E+00 0.000000000000000E+00
 ig= 26 0.000000000000000E+00 0.000000000000000E+00 0.000000000000000E+00
 ig= 25 0.000000000000000E+00 0.000000000000000E+00 0.000000000000000E+00
 ig= 24 0.000000000000000E+00 0.000000000000000E+00 0.000000000000000E+00
 ig= 23 0.000000000000000E+00 0.000000000000000E+00 0.000000000000000E+00
 ig= 22 0.000000000000000E+00 0.000000000000000E+00 0.000000000000000E+00
 ig= 21 0.000000000000000E+00 0.000000000000000E+00 0.000000000000000E+00
 ig= 20 0.000000000000000E+00 0.000000000000000E+00 0.000000000000000E+00
 ig= 19 0.000000000000000E+00 0.000000000000000E+00 0.000000000000000E+00
 ig= 18 0.000000000000000E+00 0.000000000000000E+00 0.000000000000000E+00
 ig= 17 0.000000000000000E+00 0.000000000000000E+00 0.000000000000000E+00
 ig= 16 0.000000000000000E+00 0.000000000000000E+00 0.000000000000000E+00
 ig= 15 0.000000000000000E+00 0.000000000000000E+00 0.000000000000000E+00
 ig= 14 0.000000000000000E+00 0.000000000000000E+00 0.000000000000000E+00
 ig= 13 0.000000000000000E+00 0.000000000000000E+00 0.000000000000000E+00
 ig= 12 0.000000000000000E+00 0.000000000000000E+00 0.000000000000000E+00
 ig= 11 0.000000000000000E+00 0.000000000000000E+00 0.000000000000000E+00
 ig= 10 0.000000000000000E+00 0.000000000000000E+00 0.000000000000000E+00
 ig= 9 0.000000000000000E+00 0.000000000000000E+00 0.000000000000000E+00
 ig= 8 0.000000000000000E+00 0.000000000000000E+00 0.000000000000000E+00
 ig= 7 0.000000000000000E+00 0.000000000000000E+00 0.000000000000000E+00
 ig= 6 0.000000000000000E+00 0.000000000000000E+00 0.000000000000000E+00
 ig= 5 0.000000000000000E+00 0.000000000000000E+00 0.000000000000000E+00
 ig= 4 0.000000000000000E+00 0.000000000000000E+00 0.000000000000000E+00
 ig= 3 0.000000000000000E+00 0.000000000000000E+00 0.000000000000000E+00
 ig= 2 0.000000000000000E+00 0.000000000000000E+00 0.000000000000000E+00
 ig= 1 0.000000000000000E+00 0.000000000000000E+00 0.000000000000000E+00
